0
0.41249793166621673
0.46797241008579726
0.5047944033356031
0.5014901963825851
0.4951614708741458
0.5023319212872723
0.5016876000334514
0.49444550534864784
0.5083428924270365
0.4992407185747361
0.5317721250762832
0.49506508965898094
0.48684976149928344
0.47421277777125564
0.49959384311869426
0.5339655516675277
0.4968469648884477
0.6704541726656426
0.49905745715135563
0.5001767203877757
0.41249793166621673
#
1
0.2881766077051634
0.46797241008579726
0.48712687204968363
0.5014901963825851
0.4951614708741458
0.5005769361620438
0.5016876000334514
0.49444550534864784
0.507042437577028
0.4992407185747361
0.44259967209994966
0.49506508965898094
0.48684976149928344
0.47421277777125564
0.4969109332486824
0.2881766077051634
0.4927546131153526
0.6704541726656426
0.47387650181264157
0.5001767203877757
0.41249793166621673
#
2
0.2772591308667045
0.46797241008579726
0.48712687204968363
0.4741815630130514
0.4951614708741458
0.4878774315924547
0.48329800593110106
0.49444550534864784
0.507042437577028
0.4992407185747361
0.2922942824581046
0.49506508965898094
0.48684976149928344
0.4426227230773918
0.4969109332486824
0.2772591308667045
0.4927546131153526
0.5397286290528307
0.34850220979195606
0.4902758246364675
0.41249793166621673
#
3
0.08525649159163434
0.46797241008579726
0.48712687204968363
0.4741815630130514
0.08525649159163434
0.4878774315924547
0.46681370840300673
0.49444550534864784
0.13349457791104213
0.48517801153798523
0.2922942824581046
0.36403788388896685
0.48684976149928344
0.4426227230773918
0.4969109332486824
0.2772591308667045
0.4927546131153526
0.5397286290528307
0.34850220979195606
0.4902758246364675
0.41249793166621673
#
4
0.08525649159163434
0.46797241008579726
0.22891442271201162
0.4741815630130514
0.08525649159163434
0.37335093231377436
0.46681370840300673
0.49444550534864784
0.13349457791104213
0.48517801153798523
0.2922942824581046
0.18556525407270452
0.48684976149928344
0.2360849493681592
0.4570867918973192
0.2772591308667045
0.46268661029042785
0.5397286290528307
0.12863118657655065
0.4902758246364675
0.41249793166621673
#
5
0.037355013085150324
0.2828969765156638
0.22891442271201162
0.4741815630130514
0.08525649159163434
0.37335093231377436
0.46681370840300673
0.49444550534864784
0.13349457791104213
0.48517801153798523
0.13054260602949253
0.18556525407270452
0.037355013085150324
0.14756072820904326
0.4570867918973192
0.1869069594146282
0.46268661029042785
0.5397286290528307
0.12863118657655065
0.33575545631835757
0.41249793166621673
#
6
0.037355013085150324
0.2828969765156638
0.22891442271201162
0.4741815630130514
0.08525649159163434
0.18215161335300667
0.46681370840300673
0.14543732416674948
0.0582717707166267
0.11055254115155538
0.13054260602949253
0.18556525407270452
0.037355013085150324
0.14756072820904326
0.05182060011889561
0.1869069594146282
0.20242282306704035
0.5397286290528307
0.12863118657655065
0.33575545631835757
0.2415475775581164
#
7
0.037355013085150324
0.2828969765156638
0.22891442271201162
0.04114448399267251
0.08525649159163434
0.18215161335300667
0.2836071995492465
0.14543732416674948
0.0582717707166267
0.11055254115155538
0.13054260602949253
0.18556525407270452
0.037355013085150324
0.14756072820904326
0.05182060011889561
0.1869069594146282
0.20242282306704035
0.5397286290528307
0.12863118657655065
0.33575545631835757
0.2415475775581164
#
8
0.03345047468566842
0.2828969765156638
0.22891442271201162
0.04114448399267251
0.03345047468566842
0.18215161335300667
0.0874755774067636
0.09130720524211289
0.0582717707166267
0.11055254115155538
0.13054260602949253
0.18556525407270452
0.037355013085150324
0.14756072820904326
0.05182060011889561
0.1869069594146282
0.20242282306704035
0.5397286290528307
0.12863118657655065
0.30422782351629796
0.14831297038569846
#
9
0.03345047468566842
0.2828969765156638
0.22891442271201162
0.04114448399267251
0.03345047468566842
0.07840027695466972
0.0874755774067636
0.09130720524211289
0.0582717707166267
0.11055254115155538
0.13054260602949253
0.18556525407270452
0.037355013085150324
0.14756072820904326
0.05182060011889561
0.1869069594146282
0.20242282306704035
0.5397286290528307
0.12863118657655065
0.30422782351629796
0.1273096999822293
#
