0
[0.5258285474640098, 0.5040809601509098, 0.4967963159961606, 0.4967963159961606, 0.4954629526518818, 0.4954629526518818, 0.4954629526518818, 0.4954629526518818, 0.4954629526518818, 0.47444654663500124, 0.47444654663500124, 0.47444654663500124, 0.47444654663500124, 0.47444654663500124, 0.47444654663500124, 0.47444654663500124, 0.47444654663500124, 0.31354427622277714, 0.31354427622277714, 0.31354427622277714]
#
1
[0.31354427622277714, 0.31354427622277714, 0.31354427622277714, 0.31354427622277714, 0.31354427622277714, 0.31354427622277714, 0.31354427622277714, 0.31354427622277714, 0.31354427622277714, 0.31354427622277714, 0.31354427622277714, 0.31354427622277714, 0.31354427622277714, 0.31354427622277714, 0.31354427622277714, 0.31354427622277714, 0.31354427622277714, 0.31354427622277714, 0.31354427622277714, 0.31354427622277714]
#
2
[0.31354427622277714, 0.31354427622277714, 0.31354427622277714, 0.31354427622277714, 0.31354427622277714, 0.31354427622277714, 0.2881766077051634, 0.2881766077051634, 0.2881766077051634, 0.2881766077051634, 0.2881766077051634, 0.2881766077051634, 0.2881766077051634, 0.2881766077051634, 0.2881766077051634, 0.2881766077051634, 0.2881766077051634, 0.2881766077051634, 0.2881766077051634, 0.2881766077051634]
#
3
[0.2881766077051634, 0.2881766077051634, 0.2881766077051634, 0.2881766077051634, 0.2881766077051634, 0.2881766077051634, 0.2881766077051634, 0.2881766077051634, 0.2881766077051634, 0.2881766077051634, 0.2881766077051634, 0.2881766077051634, 0.2881766077051634, 0.2881766077051634, 0.2881766077051634, 0.2881766077051634, 0.12721933481199477, 0.12721933481199477, 0.12721933481199477, 0.12721933481199477]
#
4
[0.01115032073380201, 0.01115032073380201, 0.01115032073380201, 0.01115032073380201, 0.01115032073380201, 0.01115032073380201, 0.01115032073380201, 0.01115032073380201, 0.01115032073380201, 0.01115032073380201, 0.01115032073380201, 0.01115032073380201, 0.01115032073380201, 0.01115032073380201, 0.01115032073380201, 0.01115032073380201, 0.01115032073380201, 0.01115032073380201, 0.01115032073380201, 0.01115032073380201]
#
5
[0.01115032073380201, 0.01115032073380201, 0.01115032073380201, 0.01115032073380201, 0.01115032073380201, 0.01115032073380201, 0.01115032073380201, 0.01115032073380201, 0.01115032073380201, 0.01115032073380201, 0.01115032073380201, 0.01115032073380201, 0.01115032073380201, 0.01115032073380201, 0.01115032073380201, 0.01115032073380201, 0.01115032073380201, 0.01115032073380201, 0.01115032073380201, 0.01115032073380201]
#
6
[0.01115032073380201, 0.01115032073380201, 0.01115032073380201, 0.01115032073380201, 0.01115032073380201, 0.01115032073380201, 0.01115032073380201, 0.01115032073380201, 0.01115032073380201, 0.01115032073380201, 0.01115032073380201, 0.01115032073380201, 0.01115032073380201, 0.01115032073380201, 0.01115032073380201, 0.01115032073380201, 0.01115032073380201, 0.01115032073380201, 0.01115032073380201, 0.01115032073380201]
#
7
[0.01115032073380201, 0.01115032073380201, 0.01115032073380201, 0.01115032073380201, 0.01115032073380201, 0.01115032073380201, 0.01115032073380201, 0.01115032073380201, 0.01115032073380201, 0.01115032073380201, 0.01115032073380201, 0.01115032073380201, 0.01115032073380201, 0.01115032073380201, 0.01115032073380201, 0.01115032073380201, 0.01115032073380201, 0.01115032073380201, 0.01115032073380201, 0.01115032073380201]
#
8
[0.01115032073380201, 0.01115032073380201, 0.01115032073380201, 0.01115032073380201, 0.01115032073380201, 0.01115032073380201, 0.01115032073380201, 0.01115032073380201, 0.01115032073380201, 0.01115032073380201, 0.01115032073380201, 0.01115032073380201, 0.01115032073380201, 0.01115032073380201, 0.01115032073380201, 0.01115032073380201, 0.01115032073380201, 0.01115032073380201, 0.01115032073380201, 0.01115032073380201]
#
9
[0.01115032073380201, 0.01115032073380201, 0.01115032073380201, 0.01115032073380201, 0.01115032073380201, 0.01115032073380201, 0.01115032073380201, 0.01115032073380201, 0.01115032073380201, 0.01115032073380201, 0.01115032073380201, 0.01115032073380201, 0.01115032073380201, 0.01115032073380201, 0.01115032073380201, 0.01115032073380201, 0.01115032073380201, 0.01115032073380201, 0.01115032073380201, 0.01115032073380201]
#
