0
0.31334492598870206
0.31334492598870206
0.5006555594082523
0.4838961162332871
0.5049055530696674
0.5088340034781533
0.501586117335356
0.3156716162541827
0.5199550115300806
0.5019741757631222
0.49596883201029124
0.4988414981021176
0.4862154449356327
0.5154376832348531
0.5941059992344399
0.48890277720548253
0.5457565935992642
0.5012223811875793
0.5067267934425438
0.8969413679004694
0.49738410392481214
#
1
0.31334492598870206
0.31334492598870206
0.5006555594082523
0.37981870312468036
0.4760411763259494
0.5054242500750074
0.5010061275236981
0.3156716162541827
0.5199550115300806
0.49673335471535757
0.49596883201029124
0.4988414981021176
0.4557473701228863
0.496082974895792
0.4486042649270857
0.48890277720548253
0.5457565935992642
0.5008424961260384
0.5067267934425438
0.5231732987799053
0.49216631965284274
#
2
0.19782964687094878
0.31334492598870206
0.47597811744882146
0.37981870312468036
0.4760411763259494
0.41494848154269837
0.49138673418114936
0.3156716162541827
0.33293135987770234
0.49673335471535757
0.49596883201029124
0.48972235499645395
0.27371748582512045
0.496082974895792
0.19782964687094878
0.3960987050744079
0.5457565935992642
0.49517106576173586
0.5067267934425438
0.3978275151792862
0.49216631965284274
#
3
0.05413817664446907
0.05413817664446907
0.47597811744882146
0.37981870312468036
0.3884142027063244
0.41494848154269837
0.49138673418114936
0.12756324844146355
0.33293135987770234
0.49673335471535757
0.4418713300874599
0.48972235499645395
0.27371748582512045
0.496082974895792
0.19188405243789042
0.3960987050744079
0.3869558857724318
0.49517106576173586
0.385176178726686
0.23484249692427017
0.4571499164519781
#
4
0.05413817664446907
0.05413817664446907
0.47597811744882146
0.37981870312468036
0.3884142027063244
0.07189978945082875
0.46656776061833133
0.12756324844146355
0.32039070055881497
0.49673335471535757
0.28577774487523233
0.4347350056343966
0.27371748582512045
0.29918216558143107
0.16025308455171217
0.3026619147857532
0.3869558857724318
0.49517106576173586
0.385176178726686
0.23484249692427017
0.44570418491797587
#
5
0.05413817664446907
0.05413817664446907
0.30914274466171165
0.37981870312468036
0.3884142027063244
0.07189978945082875
0.46656776061833133
0.12756324844146355
0.32039070055881497
0.49673335471535757
0.25450506369025494
0.4347350056343966
0.27371748582512045
0.18555106815854416
0.16025308455171217
0.2732767176860622
0.058825877247716374
0.49517106576173586
0.385176178726686
0.23484249692427017
0.44570418491797587
#
6
0.043226350941545866
0.05413817664446907
0.30914274466171165
0.37981870312468036
0.3884142027063244
0.07189978945082875
0.3753175523337372
0.12756324844146355
0.32039070055881497
0.33158916566007596
0.25450506369025494
0.4347350056343966
0.25550078899941275
0.18555106815854416
0.16025308455171217
0.17799281604195832
0.058825877247716374
0.07845817383324705
0.385176178726686
0.043226350941545866
0.07830107295737065
#
7
0.04298653524060969
0.05413817664446907
0.30914274466171165
0.04298653524060969
0.3884142027063244
0.07189978945082875
0.21163156496769298
0.08107277298874338
0.32039070055881497
0.1761592193084407
0.25450506369025494
0.13396162773241194
0.25550078899941275
0.18555106815854416
0.16025308455171217
0.1392422955054246
0.058825877247716374
0.07845817383324705
0.385176178726686
0.043226350941545866
0.07830107295737065
#
8
0.04298653524060969
0.05413817664446907
0.2312753624982165
0.04298653524060969
0.36734845925859805
0.07189978945082875
0.18284937592420702
0.08107277298874338
0.32039070055881497
0.13672574082293315
0.22815933548044248
0.13396162773241194
0.25550078899941275
0.18555106815854416
0.16025308455171217
0.1392422955054246
0.058825877247716374
0.07845817383324705
0.385176178726686
0.043226350941545866
0.07830107295737065
#
9
0.04298653524060969
0.05413817664446907
0.10650720557126087
0.04298653524060969
0.36734845925859805
0.07189978945082875
0.18284937592420702
0.08107277298874338
0.14653910729252095
0.13672574082293315
0.1050626212797825
0.13396162773241194
0.25550078899941275
0.07907029437859475
0.16025308455171217
0.1392422955054246
0.058825877247716374
0.07845817383324705
0.29491965973156764
0.043226350941545866
0.07830107295737065
#
10
0.04298653524060969
0.05413817664446907
0.10650720557126087
0.04298653524060969
0.36734845925859805
0.07189978945082875
0.15175327236715325
0.08107277298874338
0.14653910729252095
0.13672574082293315
0.1050626212797825
0.13396162773241194
0.24910078703936867
0.07907029437859475
0.16025308455171217
0.1392422955054246
0.058825877247716374
0.07845817383324705
0.2677150734408332
0.043226350941545866
0.07830107295737065
#
11
0.04298653524060969
0.05413817664446907
0.10650720557126087
0.04298653524060969
0.36734845925859805
0.07189978945082875
0.15175327236715325
0.08107277298874338
0.14653910729252095
0.10526460469728471
0.1050626212797825
0.13396162773241194
0.24910078703936867
0.07907029437859475
0.16025308455171217
0.1392422955054246
0.058825877247716374
0.07845817383324705
0.2677150734408332
0.043226350941545866
0.07830107295737065
#
12
0.010189537471182064
0.05413817664446907
0.10650720557126087
0.03106728144407439
0.36734845925859805
0.07189978945082875
0.15175327236715325
0.07288767401316376
0.0499431913222283
0.10526460469728471
0.1050626212797825
0.13396162773241194
0.010189537471182064
0.07907029437859475
0.16025308455171217
0.1392422955054246
0.058825877247716374
0.07845817383324705
0.2677150734408332
0.043226350941545866
0.07830107295737065
#
13
0.010189537471182064
0.05413817664446907
0.10650720557126087
0.03106728144407439
0.36734845925859805
0.07189978945082875
0.15175327236715325
0.07288767401316376
0.0499431913222283
0.10526460469728471
0.1050626212797825
0.13396162773241194
0.010189537471182064
0.07907029437859475
0.16025308455171217
0.1392422955054246
0.051455996446751695
0.07845817383324705
0.2677150734408332
0.043226350941545866
0.07830107295737065
#
14
0.010189537471182064
0.05413817664446907
0.10650720557126087
0.03106728144407439
0.36734845925859805
0.07189978945082875
0.15175327236715325
0.07288767401316376
0.0499431913222283
0.10526460469728471
0.1050626212797825
0.13396162773241194
0.010189537471182064
0.07907029437859475
0.16025308455171217
0.1392422955054246
0.051455996446751695
0.07845817383324705
0.2677150734408332
0.043226350941545866
0.07830107295737065
#
15
0.010189537471182064
0.05413817664446907
0.10650720557126087
0.03106728144407439
0.36734845925859805
0.07189978945082875
0.15175327236715325
0.07288767401316376
0.0499431913222283
0.10526460469728471
0.0953990960133676
0.04422319036874517
0.010189537471182064
0.07907029437859475
0.16025308455171217
0.1392422955054246
0.051455996446751695
0.07845817383324705
0.2677150734408332
0.043226350941545866
0.07830107295737065
#
16
0.010189537471182064
0.05413817664446907
0.10650720557126087
0.03106728144407439
0.36734845925859805
0.07189978945082875
0.15175327236715325
0.07288767401316376
0.0499431913222283
0.10526460469728471
0.0953990960133676
0.04422319036874517
0.010189537471182064
0.07907029437859475
0.16025308455171217
0.04608701061888054
0.051455996446751695
0.07845817383324705
0.2677150734408332
0.043226350941545866
0.07830107295737065
#
17
0.010189537471182064
0.05413817664446907
0.10650720557126087
0.03106728144407439
0.1271306508422056
0.07189978945082875
0.15175327236715325
0.07288767401316376
0.0499431913222283
0.10526460469728471
0.0953990960133676
0.04422319036874517
0.010189537471182064
0.07907029437859475
0.16025308455171217
0.04608701061888054
0.051455996446751695
0.07845817383324705
0.2677150734408332
0.043226350941545866
0.07830107295737065
#
18
0.010189537471182064
0.05413817664446907
0.10650720557126087
0.03106728144407439
0.1271306508422056
0.07189978945082875
0.15175327236715325
0.07288767401316376
0.0499431913222283
0.10526460469728471
0.0953990960133676
0.04422319036874517
0.010189537471182064
0.07907029437859475
0.16025308455171217
0.04608701061888054
0.051455996446751695
0.07845817383324705
0.06268063590455553
0.043226350941545866
0.07830107295737065
#
19
0.010189537471182064
0.05413817664446907
0.10650720557126087
0.03106728144407439
0.1271306508422056
0.07189978945082875
0.15175327236715325
0.07288767401316376
0.0499431913222283
0.10526460469728471
0.0953990960133676
0.04422319036874517
0.010189537471182064
0.07907029437859475
0.16025308455171217
0.04608701061888054
0.051455996446751695
0.07845817383324705
0.06268063590455553
0.043226350941545866
0.07830107295737065
#
20
0.010189537471182064
0.05413817664446907
0.10650720557126087
0.03106728144407439
0.1271306508422056
0.07189978945082875
0.15175327236715325
0.07288767401316376
0.0499431913222283
0.07818921436424997
0.0953990960133676
0.04422319036874517
0.010189537471182064
0.07907029437859475
0.16025308455171217
0.04608701061888054
0.051455996446751695
0.07845817383324705
0.06268063590455553
0.043226350941545866
0.07830107295737065
#
21
0.010189537471182064
0.05413817664446907
0.10650720557126087
0.03106728144407439
0.038323414008357815
0.07189978945082875
0.15175327236715325
0.07288767401316376
0.0499431913222283
0.07818921436424997
0.0953990960133676
0.04422319036874517
0.010189537471182064
0.07907029437859475
0.16025308455171217
0.04608701061888054
0.051455996446751695
0.07845817383324705
0.06268063590455553
0.043226350941545866
0.07830107295737065
#
22
0.010189537471182064
0.05413817664446907
0.10650720557126087
0.03106728144407439
0.038323414008357815
0.07189978945082875
0.15175327236715325
0.07288767401316376
0.0499431913222283
0.07818921436424997
0.0953990960133676
0.04422319036874517
0.010189537471182064
0.07907029437859475
0.16025308455171217
0.04608701061888054
0.051455996446751695
0.07845817383324705
0.06268063590455553
0.043226350941545866
0.07830107295737065
#
23
0.010189537471182064
0.05413817664446907
0.10650720557126087
0.03106728144407439
0.038323414008357815
0.07189978945082875
0.15175327236715325
0.07288767401316376
0.0499431913222283
0.07818921436424997
0.0953990960133676
0.04422319036874517
0.010189537471182064
0.07907029437859475
0.16025308455171217
0.04608701061888054
0.051455996446751695
0.07845817383324705
0.06268063590455553
0.043226350941545866
0.07830107295737065
#
24
0.010189537471182064
0.05413817664446907
0.019590586405196786
0.03106728144407439
0.038323414008357815
0.03830734713545575
0.15175327236715325
0.07288767401316376
0.0499431913222283
0.07818921436424997
0.0953990960133676
0.04422319036874517
0.010189537471182064
0.07907029437859475
0.16025308455171217
0.04608701061888054
0.051455996446751695
0.07845817383324705
0.06268063590455553
0.043226350941545866
0.07830107295737065
#
25
0.010189537471182064
0.05413817664446907
0.019590586405196786
0.03106728144407439
0.038323414008357815
0.03830734713545575
0.15175327236715325
0.07288767401316376
0.0499431913222283
0.07818921436424997
0.043331315445691465
0.04422319036874517
0.010189537471182064
0.07907029437859475
0.16025308455171217
0.039444917274868374
0.051455996446751695
0.07845817383324705
0.06268063590455553
0.043226350941545866
0.07830107295737065
#
26
0.004715232185490803
0.05413817664446907
0.019590586405196786
0.03106728144407439
0.038323414008357815
0.03830734713545575
0.15175327236715325
0.07288767401316376
0.0499431913222283
0.07818921436424997
0.043331315445691465
0.04422319036874517
0.004715232185490803
0.07907029437859475
0.16025308455171217
0.014269454793317204
0.051455996446751695
0.07845817383324705
0.06268063590455553
0.043226350941545866
0.07830107295737065
#
27
0.004715232185490803
0.05413817664446907
0.019590586405196786
0.03106728144407439
0.038323414008357815
0.03830734713545575
0.09176108179968262
0.07288767401316376
0.0499431913222283
0.07818921436424997
0.043331315445691465
0.04422319036874517
0.004715232185490803
0.07907029437859475
0.16025308455171217
0.014269454793317204
0.051455996446751695
0.07845817383324705
0.06268063590455553
0.043226350941545866
0.07830107295737065
#
28
0.004715232185490803
0.05413817664446907
0.019590586405196786
0.03106728144407439
0.038323414008357815
0.03830734713545575
0.09176108179968262
0.07288767401316376
0.0499431913222283
0.07818921436424997
0.043331315445691465
0.04422319036874517
0.004715232185490803
0.07907029437859475
0.16025308455171217
0.014269454793317204
0.051455996446751695
0.07845817383324705
0.06268063590455553
0.043226350941545866
0.07830107295737065
#
29
0.004715232185490803
0.05413817664446907
0.019590586405196786
0.03106728144407439
0.038323414008357815
0.03830734713545575
0.09176108179968262
0.07288767401316376
0.0499431913222283
0.07818921436424997
0.043331315445691465
0.04422319036874517
0.004715232185490803
0.07907029437859475
0.16025308455171217
0.014269454793317204
0.051455996446751695
0.040744439078226447
0.06268063590455553
0.043226350941545866
0.07830107295737065
#
30
0.004715232185490803
0.05413817664446907
0.019590586405196786
0.03106728144407439
0.038323414008357815
0.03830734713545575
0.09176108179968262
0.07288767401316376
0.0499431913222283
0.07818921436424997
0.043331315445691465
0.04422319036874517
0.004715232185490803
0.07907029437859475
0.16025308455171217
0.014269454793317204
0.051455996446751695
0.040744439078226447
0.04029970451715903
0.043226350941545866
0.07830107295737065
#
31
0.004715232185490803
0.05413817664446907
0.019590586405196786
0.03106728144407439
0.038323414008357815
0.03269628662770274
0.07044540731802096
0.04392309657347376
0.0499431913222283
0.07818921436424997
0.043331315445691465
0.04422319036874517
0.004715232185490803
0.07907029437859475
0.16025308455171217
0.014269454793317204
0.051455996446751695
0.040744439078226447
0.04029970451715903
0.043226350941545866
0.07830107295737065
#
32
0.004715232185490803
0.05413817664446907
0.019590586405196786
0.03106728144407439
0.038323414008357815
0.03269628662770274
0.07044540731802096
0.04392309657347376
0.0499431913222283
0.07818921436424997
0.043331315445691465
0.04422319036874517
0.004715232185490803
0.07907029437859475
0.16025308455171217
0.014269454793317204
0.051455996446751695
0.040744439078226447
0.04029970451715903
0.043226350941545866
0.07524729310018657
#
33
0.004715232185490803
0.05413817664446907
0.019590586405196786
0.03106728144407439
0.038323414008357815
0.03269628662770274
0.07044540731802096
0.04392309657347376
0.0499431913222283
0.07818921436424997
0.043331315445691465
0.04422319036874517
0.004715232185490803
0.07907029437859475
0.16025308455171217
0.014269454793317204
0.051455996446751695
0.040744439078226447
0.04029970451715903
0.043226350941545866
0.07524729310018657
#
34
0.004715232185490803
0.05413817664446907
0.019590586405196786
0.03106728144407439
0.038323414008357815
0.03269628662770274
0.07044540731802096
0.04392309657347376
0.0499431913222283
0.07818921436424997
0.043331315445691465
0.04422319036874517
0.004715232185490803
0.07907029437859475
0.16025308455171217
0.014269454793317204
0.051455996446751695
0.040744439078226447
0.04029970451715903
0.043226350941545866
0.0373028908976718
#
35
0.004715232185490803
0.05413817664446907
0.019590586405196786
0.03106728144407439
0.038323414008357815
0.03269628662770274
0.07044540731802096
0.04392309657347376
0.0499431913222283
0.07818921436424997
0.043331315445691465
0.04422319036874517
0.004715232185490803
0.07907029437859475
0.16025308455171217
0.014269454793317204
0.051455996446751695
0.040744439078226447
0.04029970451715903
0.043226350941545866
0.0373028908976718
#
36
0.004715232185490803
0.05413817664446907
0.019590586405196786
0.03106728144407439
0.038323414008357815
0.03269628662770274
0.07044540731802096
0.04392309657347376
0.0499431913222283
0.07818921436424997
0.043331315445691465
0.04422319036874517
0.004715232185490803
0.07907029437859475
0.04420578749437476
0.014269454793317204
0.051455996446751695
0.040744439078226447
0.04029970451715903
0.043226350941545866
0.0373028908976718
#
37
0.004715232185490803
0.05413817664446907
0.019590586405196786
0.03106728144407439
0.038323414008357815
0.011803276127194895
0.07044540731802096
0.04392309657347376
0.0499431913222283
0.009769588342747437
0.043331315445691465
0.04422319036874517
0.004715232185490803
0.07907029437859475
0.04420578749437476
0.014269454793317204
0.051455996446751695
0.040744439078226447
0.04029970451715903
0.043226350941545866
0.0373028908976718
#
38
0.004715232185490803
0.05413817664446907
0.019590586405196786
0.03106728144407439
0.038323414008357815
0.011803276127194895
0.07044540731802096
0.04392309657347376
0.0499431913222283
0.009769588342747437
0.043331315445691465
0.04422319036874517
0.004715232185490803
0.07907029437859475
0.04420578749437476
0.014269454793317204
0.051455996446751695
0.040744439078226447
0.04029970451715903
0.043226350941545866
0.0373028908976718
#
39
0.004715232185490803
0.05413817664446907
0.019590586405196786
0.03106728144407439
0.038323414008357815
0.011803276127194895
0.07044540731802096
0.04392309657347376
0.0499431913222283
0.009769588342747437
0.043331315445691465
0.04422319036874517
0.004715232185490803
0.07907029437859475
0.04420578749437476
0.014269454793317204
0.051455996446751695
0.040744439078226447
0.04029970451715903
0.043226350941545866
0.0373028908976718
#
40
0.004715232185490803
0.05413817664446907
0.019590586405196786
0.03106728144407439
0.038323414008357815
0.011803276127194895
0.07044540731802096
0.04392309657347376
0.0499431913222283
0.009769588342747437
0.043331315445691465
0.04422319036874517
0.004715232185490803
0.07907029437859475
0.04420578749437476
0.014269454793317204
0.051455996446751695
0.040744439078226447
0.04029970451715903
0.043226350941545866
0.0373028908976718
#
41
0.004715232185490803
0.05413817664446907
0.019590586405196786
0.03106728144407439
0.038323414008357815
0.011803276127194895
0.07044540731802096
0.04392309657347376
0.0499431913222283
0.009769588342747437
0.043331315445691465
0.04422319036874517
0.004715232185490803
0.07907029437859475
0.04420578749437476
0.014269454793317204
0.051455996446751695
0.040744439078226447
0.04029970451715903
0.043226350941545866
0.0373028908976718
#
42
0.004715232185490803
0.037256144105419
0.019590586405196786
0.03106728144407439
0.038323414008357815
0.011803276127194895
0.06397055658876677
0.04392309657347376
0.0499431913222283
0.009769588342747437
0.043331315445691465
0.04422319036874517
0.004715232185490803
0.07907029437859475
0.04420578749437476
0.014269454793317204
0.051455996446751695
0.040744439078226447
0.04029970451715903
0.043226350941545866
0.0373028908976718
#
43
0.004715232185490803
0.037256144105419
0.019590586405196786
0.03106728144407439
0.038323414008357815
0.011803276127194895
0.06397055658876677
0.04392309657347376
0.0499431913222283
0.009769588342747437
0.043331315445691465
0.028466302848672687
0.004715232185490803
0.07907029437859475
0.04420578749437476
0.014269454793317204
0.051455996446751695
0.040744439078226447
0.04029970451715903
0.043226350941545866
0.0373028908976718
#
44
0.004715232185490803
0.037256144105419
0.019590586405196786
0.03106728144407439
0.038323414008357815
0.011803276127194895
0.06397055658876677
0.04392309657347376
0.0499431913222283
0.009769588342747437
0.043331315445691465
0.028466302848672687
0.004715232185490803
0.07907029437859475
0.04420578749437476
0.014269454793317204
0.051455996446751695
0.040744439078226447
0.04029970451715903
0.043226350941545866
0.0373028908976718
#
45
0.004715232185490803
0.037256144105419
0.019590586405196786
0.03106728144407439
0.038323414008357815
0.011803276127194895
0.06397055658876677
0.04392309657347376
0.0499431913222283
0.009769588342747437
0.043331315445691465
0.028466302848672687
0.004715232185490803
0.038622232639914766
0.04420578749437476
0.014269454793317204
0.051455996446751695
0.040744439078226447
0.04029970451715903
0.043226350941545866
0.0373028908976718
#
46
0.004715232185490803
0.037256144105419
0.019590586405196786
0.03106728144407439
0.038323414008357815
0.011803276127194895
0.06397055658876677
0.04392309657347376
0.0499431913222283
0.009769588342747437
0.043331315445691465
0.02544734816531563
0.004715232185490803
0.038622232639914766
0.04420578749437476
0.014269454793317204
0.051455996446751695
0.040744439078226447
0.04029970451715903
0.043226350941545866
0.0373028908976718
#
47
0.004715232185490803
0.037256144105419
0.019590586405196786
0.03106728144407439
0.038323414008357815
0.011803276127194895
0.06397055658876677
0.04392309657347376
0.0499431913222283
0.009769588342747437
0.043331315445691465
0.02544734816531563
0.004715232185490803
0.038622232639914766
0.04420578749437476
0.014269454793317204
0.051455996446751695
0.040744439078226447
0.04029970451715903
0.043226350941545866
0.0373028908976718
#
48
0.004715232185490803
0.037256144105419
0.019590586405196786
0.03106728144407439
0.038323414008357815
0.011803276127194895
0.06397055658876677
0.04392309657347376
0.0499431913222283
0.009769588342747437
0.043331315445691465
0.02544734816531563
0.004715232185490803
0.037535854430895466
0.04420578749437476
0.014269454793317204
0.051455996446751695
0.040744439078226447
0.04029970451715903
0.016246122605883373
0.0373028908976718
#
49
0.004715232185490803
0.037256144105419
0.019590586405196786
0.03106728144407439
0.038323414008357815
0.011803276127194895
0.06397055658876677
0.04392309657347376
0.0499431913222283
0.009769588342747437
0.043331315445691465
0.02544734816531563
0.004715232185490803
0.037535854430895466
0.04420578749437476
0.014269454793317204
0.051455996446751695
0.040744439078226447
0.04029970451715903
0.016246122605883373
0.010977256741669827
#
50
0.004715232185490803
0.037256144105419
0.019590586405196786
0.03106728144407439
0.038323414008357815
0.011803276127194895
0.06397055658876677
0.04392309657347376
0.0499431913222283
0.009769588342747437
0.043331315445691465
0.02544734816531563
0.004715232185490803
0.010546171106749824
0.04420578749437476
0.014269454793317204
0.051455996446751695
0.040744439078226447
0.04029970451715903
0.016246122605883373
0.010977256741669827
#
51
0.004715232185490803
0.037256144105419
0.019590586405196786
0.03106728144407439
0.038323414008357815
0.011803276127194895
0.06397055658876677
0.04392309657347376
0.0499431913222283
0.009769588342747437
0.043331315445691465
0.02544734816531563
0.004715232185490803
0.010546171106749824
0.04420578749437476
0.014269454793317204
0.051455996446751695
0.040744439078226447
0.04029970451715903
0.016246122605883373
0.010977256741669827
#
52
0.004715232185490803
0.037256144105419
0.01891964005200758
0.03106728144407439
0.038323414008357815
0.011803276127194895
0.06397055658876677
0.04392309657347376
0.0499431913222283
0.009769588342747437
0.043331315445691465
0.02544734816531563
0.004715232185490803
0.010546171106749824
0.04420578749437476
0.014269454793317204
0.051455996446751695
0.040744439078226447
0.04029970451715903
0.016246122605883373
0.010977256741669827
#
53
0.004715232185490803
0.037256144105419
0.01891964005200758
0.03106728144407439
0.038323414008357815
0.011803276127194895
0.06397055658876677
0.023579050509451083
0.0499431913222283
0.009769588342747437
0.043331315445691465
0.02544734816531563
0.004715232185490803
0.010546171106749824
0.04420578749437476
0.014269454793317204
0.051455996446751695
0.040744439078226447
0.04029970451715903
0.016246122605883373
0.010977256741669827
#
54
0.004715232185490803
0.037256144105419
0.01891964005200758
0.03106728144407439
0.038323414008357815
0.011803276127194895
0.06397055658876677
0.023579050509451083
0.0499431913222283
0.009769588342747437
0.043331315445691465
0.02544734816531563
0.004715232185490803
0.010546171106749824
0.04420578749437476
0.014269454793317204
0.051455996446751695
0.040744439078226447
0.04029970451715903
0.016246122605883373
0.010977256741669827
#
55
0.004715232185490803
0.037256144105419
0.01891964005200758
0.03106728144407439
0.038323414008357815
0.011803276127194895
0.06397055658876677
0.023579050509451083
0.0499431913222283
0.009769588342747437
0.043331315445691465
0.02544734816531563
0.004715232185490803
0.010546171106749824
0.04420578749437476
0.014269454793317204
0.051455996446751695
0.040744439078226447
0.04029970451715903
0.016246122605883373
0.010977256741669827
#
56
0.004715232185490803
0.037256144105419
0.01891964005200758
0.03106728144407439
0.038323414008357815
0.011803276127194895
0.06397055658876677
0.023579050509451083
0.0499431913222283
0.009769588342747437
0.043331315445691465
0.02544734816531563
0.004715232185490803
0.010546171106749824
0.04420578749437476
0.014269454793317204
0.051455996446751695
0.040744439078226447
0.04029970451715903
0.016246122605883373
0.010977256741669827
#
57
0.004715232185490803
0.037256144105419
0.01891964005200758
0.03106728144407439
0.038323414008357815
0.011803276127194895
0.06397055658876677
0.023579050509451083
0.0499431913222283
0.009769588342747437
0.043331315445691465
0.02544734816531563
0.004715232185490803
0.010546171106749824
0.04420578749437476
0.014269454793317204
0.051455996446751695
0.040744439078226447
0.04029970451715903
0.016246122605883373
0.010977256741669827
#
58
0.004715232185490803
0.037256144105419
0.01891964005200758
0.03106728144407439
0.038323414008357815
0.011803276127194895
0.06397055658876677
0.023579050509451083
0.0499431913222283
0.009769588342747437
0.043331315445691465
0.02544734816531563
0.004715232185490803
0.010546171106749824
0.04420578749437476
0.014269454793317204
0.051455996446751695
0.040744439078226447
0.04029970451715903
0.016246122605883373
0.010977256741669827
#
59
0.004715232185490803
0.037256144105419
0.01891964005200758
0.03106728144407439
0.038323414008357815
0.011803276127194895
0.06397055658876677
0.023579050509451083
0.0499431913222283
0.009769588342747437
0.043331315445691465
0.02544734816531563
0.004715232185490803
0.010546171106749824
0.04420578749437476
0.014269454793317204
0.04739992578899016
0.040744439078226447
0.04029970451715903
0.016246122605883373
0.010977256741669827
#
60
0.004715232185490803
0.037256144105419
0.01891964005200758
0.03106728144407439
0.038323414008357815
0.011803276127194895
0.06397055658876677
0.023579050509451083
0.0499431913222283
0.009769588342747437
0.043331315445691465
0.02544734816531563
0.004715232185490803
0.010546171106749824
0.04420578749437476
0.014269454793317204
0.04739992578899016
0.040744439078226447
0.04029970451715903
0.016246122605883373
0.010977256741669827
#
61
0.004715232185490803
0.037256144105419
0.01891964005200758
0.03106728144407439
0.038323414008357815
0.011803276127194895
0.06397055658876677
0.023579050509451083
0.0499431913222283
0.009769588342747437
0.043331315445691465
0.02544734816531563
0.004715232185490803
0.010546171106749824
0.04420578749437476
0.014269454793317204
0.04739992578899016
0.040744439078226447
0.04029970451715903
0.016246122605883373
0.010977256741669827
#
62
0.004715232185490803
0.037256144105419
0.01891964005200758
0.03106728144407439
0.038323414008357815
0.011803276127194895
0.06397055658876677
0.023579050509451083
0.0499431913222283
0.009769588342747437
0.043331315445691465
0.02544734816531563
0.004715232185490803
0.010546171106749824
0.04420578749437476
0.014269454793317204
0.04739992578899016
0.040744439078226447
0.04029970451715903
0.016246122605883373
0.010977256741669827
#
63
0.004715232185490803
0.037256144105419
0.01891964005200758
0.03106728144407439
0.038323414008357815
0.011803276127194895
0.06397055658876677
0.023579050509451083
0.0499431913222283
0.009769588342747437
0.043331315445691465
0.02544734816531563
0.004715232185490803
0.010546171106749824
0.04420578749437476
0.014269454793317204
0.04739992578899016
0.040744439078226447
0.010232844891583825
0.016246122605883373
0.010977256741669827
#
64
0.004715232185490803
0.037256144105419
0.01891964005200758
0.022427860629022855
0.038323414008357815
0.011803276127194895
0.06397055658876677
0.023579050509451083
0.03732883453734864
0.009769588342747437
0.043331315445691465
0.02544734816531563
0.004715232185490803
0.010546171106749824
0.04420578749437476
0.014269454793317204
0.04739992578899016
0.040744439078226447
0.010232844891583825
0.016246122605883373
0.010977256741669827
#
65
0.004715232185490803
0.037256144105419
0.01891964005200758
0.022427860629022855
0.038323414008357815
0.011803276127194895
0.02179098427571663
0.023579050509451083
0.03732883453734864
0.009769588342747437
0.043331315445691465
0.02544734816531563
0.004715232185490803
0.010546171106749824
0.04420578749437476
0.014269454793317204
0.04739992578899016
0.040744439078226447
0.010232844891583825
0.016246122605883373
0.010977256741669827
#
66
0.004715232185490803
0.037256144105419
0.01891964005200758
0.022427860629022855
0.038323414008357815
0.011803276127194895
0.02179098427571663
0.023579050509451083
0.03732883453734864
0.009769588342747437
0.043331315445691465
0.02544734816531563
0.004715232185490803
0.010546171106749824
0.041871639397271565
0.014269454793317204
0.04739992578899016
0.040744439078226447
0.010232844891583825
0.016246122605883373
0.010977256741669827
#
67
0.004715232185490803
0.037256144105419
0.01891964005200758
0.022427860629022855
0.038323414008357815
0.011803276127194895
0.02179098427571663
0.023579050509451083
0.03732883453734864
0.009769588342747437
0.043331315445691465
0.02544734816531563
0.004715232185490803
0.010546171106749824
0.041871639397271565
0.014269454793317204
0.04739992578899016
0.040744439078226447
0.010232844891583825
0.016246122605883373
0.010977256741669827
#
68
0.004715232185490803
0.037256144105419
0.01891964005200758
0.022427860629022855
0.038323414008357815
0.011803276127194895
0.02179098427571663
0.023579050509451083
0.03732883453734864
0.009769588342747437
0.043331315445691465
0.02544734816531563
0.004715232185490803
0.010546171106749824
0.041871639397271565
0.014269454793317204
0.04739992578899016
0.040744439078226447
0.010232844891583825
0.016246122605883373
0.010977256741669827
#
69
0.004715232185490803
0.037256144105419
0.01891964005200758
0.022427860629022855
0.038323414008357815
0.011803276127194895
0.02179098427571663
0.023579050509451083
0.03732883453734864
0.009769588342747437
0.043331315445691465
0.02544734816531563
0.004715232185490803
0.010546171106749824
0.041871639397271565
0.014269454793317204
0.04739992578899016
0.040744439078226447
0.010232844891583825
0.016246122605883373
0.010977256741669827
#
70
0.004715232185490803
0.037256144105419
0.01891964005200758
0.022427860629022855
0.038323414008357815
0.011803276127194895
0.02179098427571663
0.023579050509451083
0.03732883453734864
0.009769588342747437
0.043331315445691465
0.02544734816531563
0.004715232185490803
0.010546171106749824
0.041871639397271565
0.014269454793317204
0.04739992578899016
0.040744439078226447
0.010232844891583825
0.016246122605883373
0.010977256741669827
#
71
0.004715232185490803
0.037256144105419
0.01891964005200758
0.022427860629022855
0.038323414008357815
0.011803276127194895
0.02179098427571663
0.023579050509451083
0.03732883453734864
0.009769588342747437
0.043331315445691465
0.02544734816531563
0.004715232185490803
0.010546171106749824
0.041871639397271565
0.014269454793317204
0.04739992578899016
0.040744439078226447
0.010232844891583825
0.016246122605883373
0.010977256741669827
#
72
0.0014691123497624914
0.037256144105419
0.01891964005200758
0.022427860629022855
0.038323414008357815
0.011803276127194895
0.02179098427571663
0.0014691123497624914
0.03732883453734864
0.009769588342747437
0.043331315445691465
0.02544734816531563
0.004715232185490803
0.010546171106749824
0.041871639397271565
0.014269454793317204
0.04739992578899016
0.040744439078226447
0.010232844891583825
0.016246122605883373
0.010977256741669827
#
73
0.0014691123497624914
0.037256144105419
0.01891964005200758
0.022427860629022855
0.038323414008357815
0.011803276127194895
0.02179098427571663
0.0014691123497624914
0.03732883453734864
0.009769588342747437
0.043331315445691465
0.02544734816531563
0.004715232185490803
0.010546171106749824
0.041871639397271565
0.014269454793317204
0.04739992578899016
0.040744439078226447
0.010232844891583825
0.016246122605883373
0.010977256741669827
#
74
0.0014691123497624914
0.037256144105419
0.01891964005200758
0.022427860629022855
0.038323414008357815
0.011803276127194895
0.02179098427571663
0.0014691123497624914
0.03732883453734864
0.009769588342747437
0.043331315445691465
0.02544734816531563
0.004715232185490803
0.010546171106749824
0.041871639397271565
0.014269454793317204
0.04739992578899016
0.040744439078226447
0.010232844891583825
0.016246122605883373
0.010977256741669827
#
75
0.0014691123497624914
0.037256144105419
0.01891964005200758
0.022427860629022855
0.038323414008357815
0.011803276127194895
0.02179098427571663
0.0014691123497624914
0.03732883453734864
0.009769588342747437
0.043331315445691465
0.02544734816531563
0.004715232185490803
0.010546171106749824
0.041871639397271565
0.014269454793317204
0.04739992578899016
0.040744439078226447
0.010232844891583825
0.016246122605883373
0.010977256741669827
#
76
0.0014691123497624914
0.037256144105419
0.01891964005200758
0.022427860629022855
0.038323414008357815
0.011803276127194895
0.02179098427571663
0.0014691123497624914
0.03732883453734864
0.009769588342747437
0.043331315445691465
0.02544734816531563
0.004715232185490803
0.010546171106749824
0.041871639397271565
0.014269454793317204
0.04739992578899016
0.040744439078226447
0.010232844891583825
0.016246122605883373
0.010977256741669827
#
77
0.0014691123497624914
0.037256144105419
0.01891964005200758
0.022427860629022855
0.038323414008357815
0.011803276127194895
0.02179098427571663
0.0014691123497624914
0.03732883453734864
0.009769588342747437
0.043331315445691465
0.02544734816531563
0.004715232185490803
0.010546171106749824
0.041871639397271565
0.014269454793317204
0.04739992578899016
0.040744439078226447
0.010232844891583825
0.016246122605883373
0.010977256741669827
#
78
0.0014691123497624914
0.037256144105419
0.01891964005200758
0.022427860629022855
0.038323414008357815
0.011803276127194895
0.02179098427571663
0.0014691123497624914
0.03732883453734864
0.009769588342747437
0.043331315445691465
0.02544734816531563
0.004715232185490803
0.010546171106749824
0.041871639397271565
0.014269454793317204
0.04739992578899016
0.040744439078226447
0.010232844891583825
0.016246122605883373
0.010977256741669827
#
79
0.0014691123497624914
0.037256144105419
0.01891964005200758
0.022427860629022855
0.038323414008357815
0.011803276127194895
0.02179098427571663
0.0014691123497624914
0.03732883453734864
0.009769588342747437
0.043331315445691465
0.02544734816531563
0.004715232185490803
0.010546171106749824
0.041871639397271565
0.014269454793317204
0.008694699566670239
0.040744439078226447
0.010232844891583825
0.016246122605883373
0.010977256741669827
#
80
0.0014691123497624914
0.037256144105419
0.01891964005200758
0.022427860629022855
0.038323414008357815
0.011803276127194895
0.02179098427571663
0.0014691123497624914
0.03732883453734864
0.009769588342747437
0.043331315445691465
0.02544734816531563
0.004715232185490803
0.010546171106749824
0.041871639397271565
0.014269454793317204
0.008694699566670239
0.040744439078226447
0.010232844891583825
0.016246122605883373
0.010977256741669827
#
81
0.0014691123497624914
0.037256144105419
0.01891964005200758
0.022427860629022855
0.038323414008357815
0.011803276127194895
0.02179098427571663
0.0014691123497624914
0.03732883453734864
0.009769588342747437
0.009869591910520059
0.02544734816531563
0.004715232185490803
0.010546171106749824
0.041871639397271565
0.014269454793317204
0.008694699566670239
0.040744439078226447
0.010232844891583825
0.016246122605883373
0.010977256741669827
#
82
0.0014691123497624914
0.037256144105419
0.01891964005200758
0.022427860629022855
0.031405477921574054
0.011803276127194895
0.02179098427571663
0.0014691123497624914
0.03732883453734864
0.009769588342747437
0.009869591910520059
0.02544734816531563
0.004715232185490803
0.010546171106749824
0.041871639397271565
0.014269454793317204
0.008694699566670239
0.040744439078226447
0.010232844891583825
0.016246122605883373
0.010977256741669827
#
83
0.0014691123497624914
0.037256144105419
0.01891964005200758
0.022427860629022855
0.031405477921574054
0.011803276127194895
0.02179098427571663
0.0014691123497624914
0.03732883453734864
0.009769588342747437
0.009869591910520059
0.02544734816531563
0.004715232185490803
0.010546171106749824
0.041871639397271565
0.014269454793317204
0.008694699566670239
0.040744439078226447
0.010232844891583825
0.016246122605883373
0.010977256741669827
#
84
0.0014691123497624914
0.02174926039435049
0.01891964005200758
0.022427860629022855
0.031405477921574054
0.011803276127194895
0.02179098427571663
0.0014691123497624914
0.03732883453734864
0.009769588342747437
0.009869591910520059
0.02544734816531563
0.004715232185490803
0.010546171106749824
0.041871639397271565
0.014269454793317204
0.008694699566670239
0.040744439078226447
0.010232844891583825
0.016246122605883373
0.010977256741669827
#
85
0.0014691123497624914
0.02174926039435049
0.01891964005200758
0.022427860629022855
0.031405477921574054
0.011803276127194895
0.02179098427571663
0.0014691123497624914
0.03732883453734864
0.009769588342747437
0.009869591910520059
0.02544734816531563
0.004715232185490803
0.010546171106749824
0.041871639397271565
0.014269454793317204
0.008694699566670239
0.040744439078226447
0.010232844891583825
0.016246122605883373
0.010977256741669827
#
86
0.0014691123497624914
0.02174926039435049
0.01891964005200758
0.022427860629022855
0.031405477921574054
0.011803276127194895
0.02179098427571663
0.0014691123497624914
0.03732883453734864
0.009769588342747437
0.009869591910520059
0.02544734816531563
0.004715232185490803
0.010546171106749824
0.041871639397271565
0.014269454793317204
0.008694699566670239
0.040744439078226447
0.010232844891583825
0.016246122605883373
0.010977256741669827
#
87
0.0014691123497624914
0.02174926039435049
0.01891964005200758
0.022427860629022855
0.031405477921574054
0.011803276127194895
0.02179098427571663
0.0014691123497624914
0.03732883453734864
0.009769588342747437
0.009869591910520059
0.02544734816531563
0.004715232185490803
0.010546171106749824
0.041871639397271565
0.014269454793317204
0.008694699566670239
0.040744439078226447
0.010232844891583825
0.016246122605883373
0.010977256741669827
#
88
0.0014691123497624914
0.02174926039435049
0.01891964005200758
0.022427860629022855
0.031405477921574054
0.011803276127194895
0.02179098427571663
0.0014691123497624914
0.03732883453734864
0.009769588342747437
0.009869591910520059
0.02544734816531563
0.004715232185490803
0.010546171106749824
0.041871639397271565
0.014269454793317204
0.008694699566670239
0.040744439078226447
0.010232844891583825
0.016246122605883373
0.010977256741669827
#
89
0.0014691123497624914
0.02174926039435049
0.01891964005200758
0.022427860629022855
0.031405477921574054
0.011803276127194895
0.02179098427571663
0.0014691123497624914
0.03732883453734864
0.009769588342747437
0.009869591910520059
0.02544734816531563
0.004715232185490803
0.010546171106749824
0.041871639397271565
0.014269454793317204
0.008694699566670239
0.040744439078226447
0.010232844891583825
0.016246122605883373
0.010977256741669827
#
90
0.0014691123497624914
0.02174926039435049
0.01891964005200758
0.022427860629022855
0.031405477921574054
0.011803276127194895
0.02179098427571663
0.0014691123497624914
0.016482634288107256
0.009769588342747437
0.009869591910520059
0.02544734816531563
0.004715232185490803
0.010546171106749824
0.041871639397271565
0.014269454793317204
0.008694699566670239
0.040744439078226447
0.010232844891583825
0.016246122605883373
0.010977256741669827
#
91
0.0014691123497624914
0.02174926039435049
0.01891964005200758
0.022427860629022855
0.031405477921574054
0.011803276127194895
0.02179098427571663
0.0014691123497624914
0.016482634288107256
0.009769588342747437
0.009869591910520059
0.02544734816531563
0.004715232185490803
0.010546171106749824
0.041871639397271565
0.014269454793317204
0.008694699566670239
0.040744439078226447
0.010232844891583825
0.016246122605883373
0.010977256741669827
#
92
0.0014691123497624914
0.02174926039435049
0.01891964005200758
0.022427860629022855
0.031405477921574054
0.011803276127194895
0.02179098427571663
0.0014691123497624914
0.016482634288107256
0.009769588342747437
0.009869591910520059
0.02544734816531563
0.004715232185490803
0.010546171106749824
0.041871639397271565
0.014269454793317204
0.008694699566670239
0.040744439078226447
0.010232844891583825
0.016246122605883373
0.010977256741669827
#
93
0.0014691123497624914
0.010187878761694635
0.010704184072437173
0.022427860629022855
0.031405477921574054
0.011803276127194895
0.02179098427571663
0.0014691123497624914
0.016482634288107256
0.009769588342747437
0.009869591910520059
0.02544734816531563
0.004715232185490803
0.010546171106749824
0.041871639397271565
0.014269454793317204
0.008694699566670239
0.03558707745674328
0.010232844891583825
0.016246122605883373
0.010977256741669827
#
94
0.0014691123497624914
0.010187878761694635
0.010704184072437173
0.022427860629022855
0.031405477921574054
0.011803276127194895
0.02179098427571663
0.0014691123497624914
0.016482634288107256
0.009769588342747437
0.009869591910520059
0.02544734816531563
0.004715232185490803
0.010546171106749824
0.041871639397271565
0.014269454793317204
0.008694699566670239
0.03558707745674328
0.010232844891583825
0.016246122605883373
0.010977256741669827
#
95
0.0014691123497624914
0.010187878761694635
0.010704184072437173
0.022427860629022855
0.031405477921574054
0.011803276127194895
0.02179098427571663
0.0014691123497624914
0.016482634288107256
0.009769588342747437
0.009869591910520059
0.02544734816531563
0.004715232185490803
0.010546171106749824
0.041871639397271565
0.014269454793317204
0.008694699566670239
0.03558707745674328
0.010232844891583825
0.016246122605883373
0.010977256741669827
#
96
0.0014691123497624914
0.010187878761694635
0.010704184072437173
0.022427860629022855
0.031405477921574054
0.011803276127194895
0.02179098427571663
0.0014691123497624914
0.016482634288107256
0.009769588342747437
0.009869591910520059
0.02544734816531563
0.004715232185490803
0.010546171106749824
0.041745491096888576
0.014269454793317204
0.008694699566670239
0.03558707745674328
0.010232844891583825
0.016246122605883373
0.010977256741669827
#
97
0.0014691123497624914
0.010187878761694635
0.010704184072437173
0.022427860629022855
0.031405477921574054
0.011803276127194895
0.02179098427571663
0.0014691123497624914
0.016482634288107256
0.009769588342747437
0.009869591910520059
0.02544734816531563
0.004715232185490803
0.010546171106749824
0.041745491096888576
0.014269454793317204
0.008694699566670239
0.03558707745674328
0.010232844891583825
0.016246122605883373
0.010977256741669827
#
98
0.0014691123497624914
0.010187878761694635
0.010704184072437173
0.022427860629022855
0.031405477921574054
0.011803276127194895
0.02179098427571663
0.0014691123497624914
0.016482634288107256
0.009769588342747437
0.009869591910520059
0.02544734816531563
0.004715232185490803
0.010546171106749824
0.041745491096888576
0.014269454793317204
0.008694699566670239
0.03558707745674328
0.010232844891583825
0.016246122605883373
0.010977256741669827
#
99
0.0014691123497624914
0.010187878761694635
0.010704184072437173
0.022427860629022855
0.031405477921574054
0.011803276127194895
0.02179098427571663
0.0014691123497624914
0.016482634288107256
0.009769588342747437
0.009869591910520059
0.02544734816531563
0.004715232185490803
0.010546171106749824
0.041745491096888576
0.014269454793317204
0.008694699566670239
0.03558707745674328
0.010232844891583825
0.016246122605883373
0.010977256741669827
#
