0
0.4631134046586824
0.5000222235874755
0.49903882853235637
0.5042678548430825
0.5083584486867152
0.4911400134994156
0.49736105593288205
0.5033912170051509
0.5103512641332271
0.5221199326638096
0.5002548883308322
0.5042978109138189
0.4986087141514726
0.48769345777332757
0.49645672652796713
0.49766622400480687
0.6152066573079897
0.4631134046586824
0.4983878630836116
0.5636392085718426
0.4924110098987708
#
1
0.2736480792547408
0.5000222235874755
0.49693953585002526
0.5042678548430825
0.5083584486867152
0.48148932554649415
0.48815730360922893
0.4929201021473109
0.5103512641332271
0.5177281335893751
0.5002548883308322
0.4431639258269502
0.4986087141514726
0.48769345777332757
0.48876876770858146
0.49766622400480687
0.6152066573079897
0.4631134046586824
0.4983878630836116
0.2736480792547408
0.48515469661267024
#
2
0.07845817383324705
0.49950595575476364
0.49693953585002526
0.5042678548430825
0.44656614641721665
0.48148932554649415
0.4571499164519781
0.4929201021473109
0.5103512641332271
0.31354427622277714
0.5002548883308322
0.4431639258269502
0.4964530196306719
0.48769345777332757
0.48876876770858146
0.4862154449356327
0.3118513321992453
0.07845817383324705
0.4983878630836116
0.2736480792547408
0.48515469661267024
#
3
0.07845817383324705
0.48734096157774565
0.49693953585002526
0.4948593246868121
0.3554687897948387
0.48148932554649415
0.3809400153824204
0.4679977510413697
0.5103512641332271
0.31354427622277714
0.4633485962833377
0.4431639258269502
0.4964530196306719
0.4140195689732943
0.31263196828823836
0.4862154449356327
0.3118513321992453
0.07845817383324705
0.4983878630836116
0.2736480792547408
0.48515469661267024
#
4
0.07845817383324705
0.48734096157774565
0.46445234748397735
0.4948593246868121
0.3554687897948387
0.48148932554649415
0.25270602355955696
0.4077068887543937
0.19974427593876926
0.13012183680844158
0.4347350056343966
0.4431639258269502
0.4347350056343966
0.4140195689732943
0.07845817383324705
0.4862154449356327
0.18992666121067708
0.07845817383324705
0.44261425812321953
0.2736480792547408
0.22981281795779251
#
5
0.039211404914223424
0.48734096157774565
0.2659067431582973
0.4948593246868121
0.23405078932752504
0.0808321522594076
0.039211404914223424
0.23573072710082127
0.11863493410487752
0.13012183680844158
0.4347350056343966
0.21309239457719992
0.4347350056343966
0.4140195689732943
0.07845817383324705
0.14791436654569423
0.16547615546903022
0.07845817383324705
0.44261425812321953
0.15423385319310112
0.06443629489445235
#
6
0.039211404914223424
0.48734096157774565
0.2659067431582973
0.44915656902074513
0.23405078932752504
0.0808321522594076
0.039211404914223424
0.23573072710082127
0.11863493410487752
0.1271358817314892
0.20948479544998488
0.21309239457719992
0.31136437344986156
0.10107937599257943
0.07845817383324705
0.14791436654569423
0.11267788873488543
0.07845817383324705
0.44261425812321953
0.15423385319310112
0.06443629489445235
#
7
0.039211404914223424
0.48734096157774565
0.2659067431582973
0.44915656902074513
0.23405078932752504
0.0808321522594076
0.039211404914223424
0.23573072710082127
0.11863493410487752
0.1271358817314892
0.20948479544998488
0.21309239457719992
0.31136437344986156
0.10107937599257943
0.07845817383324705
0.14791436654569423
0.11267788873488543
0.07845817383324705
0.44261425812321953
0.15423385319310112
0.06443629489445235
#
8
0.039211404914223424
0.48734096157774565
0.2659067431582973
0.4377645783942929
0.19330875975340317
0.0808321522594076
0.039211404914223424
0.17835836407270667
0.11863493410487752
0.1271358817314892
0.20948479544998488
0.21309239457719992
0.2693531644786945
0.10107937599257943
0.07845817383324705
0.14791436654569423
0.11267788873488543
0.07845817383324705
0.44261425812321953
0.15423385319310112
0.06443629489445235
#
9
0.03226131390438147
0.36164291388838676
0.2659067431582973
0.060177013129734225
0.19330875975340317
0.0808321522594076
0.039211404914223424
0.17835836407270667
0.11863493410487752
0.1271358817314892
0.20948479544998488
0.03226131390438147
0.2693531644786945
0.10107937599257943
0.07845817383324705
0.14791436654569423
0.11267788873488543
0.07845817383324705
0.16082082855045277
0.15423385319310112
0.06443629489445235
#
10
0.03226131390438147
0.06078065395498883
0.2659067431582973
0.060177013129734225
0.19330875975340317
0.0808321522594076
0.039211404914223424
0.12703480494042246
0.11863493410487752
0.1271358817314892
0.20948479544998488
0.03226131390438147
0.2693531644786945
0.10107937599257943
0.07845817383324705
0.14791436654569423
0.11267788873488543
0.07845817383324705
0.16082082855045277
0.0844022106407854
0.06443629489445235
#
11
0.03226131390438147
0.06078065395498883
0.1788925762282771
0.060177013129734225
0.19330875975340317
0.0808321522594076
0.039211404914223424
0.041953907595460804
0.09268179195969078
0.1271358817314892
0.20948479544998488
0.03226131390438147
0.2693531644786945
0.10107937599257943
0.07845817383324705
0.14791436654569423
0.11267788873488543
0.07845817383324705
0.16082082855045277
0.0844022106407854
0.06443629489445235
#
12
0.016089121082552615
0.06078065395498883
0.1683741293799525
0.060177013129734225
0.19330875975340317
0.0808321522594076
0.039211404914223424
0.041953907595460804
0.09268179195969078
0.1271358817314892
0.20948479544998488
0.016089121082552615
0.2693531644786945
0.07788164433109784
0.07845817383324705
0.13896170983925232
0.11267788873488543
0.07845817383324705
0.16082082855045277
0.0844022106407854
0.06443629489445235
#
13
0.016089121082552615
0.06078065395498883
0.1683741293799525
0.060177013129734225
0.19330875975340317
0.0808321522594076
0.039211404914223424
0.041953907595460804
0.09268179195969078
0.1271358817314892
0.1662341235675458
0.016089121082552615
0.2693531644786945
0.07788164433109784
0.07845817383324705
0.13896170983925232
0.11267788873488543
0.07845817383324705
0.16082082855045277
0.0844022106407854
0.06443629489445235
#
14
0.010454873879360727
0.06078065395498883
0.09222265869487789
0.060177013129734225
0.19330875975340317
0.0808321522594076
0.039211404914223424
0.041953907595460804
0.09268179195969078
0.1271358817314892
0.1662341235675458
0.010454873879360727
0.13839016119478298
0.07788164433109784
0.07845817383324705
0.13896170983925232
0.11267788873488543
0.07845817383324705
0.16082082855045277
0.0844022106407854
0.06443629489445235
#
15
0.010454873879360727
0.06078065395498883
0.09222265869487789
0.060177013129734225
0.1471672865968811
0.0808321522594076
0.039211404914223424
0.041953907595460804
0.09268179195969078
0.1271358817314892
0.1662341235675458
0.010454873879360727
0.13839016119478298
0.07788164433109784
0.07845817383324705
0.13896170983925232
0.11267788873488543
0.07845817383324705
0.16082082855045277
0.0844022106407854
0.06443629489445235
#
16
0.010454873879360727
0.06078065395498883
0.09222265869487789
0.060177013129734225
0.1471672865968811
0.0808321522594076
0.039211404914223424
0.041953907595460804
0.09268179195969078
0.1271358817314892
0.1662341235675458
0.010454873879360727
0.03528706057077702
0.07788164433109784
0.07845817383324705
0.13896170983925232
0.11267788873488543
0.07845817383324705
0.16082082855045277
0.0844022106407854
0.06443629489445235
#
17
0.010454873879360727
0.06078065395498883
0.09222265869487789
0.060177013129734225
0.1471672865968811
0.0808321522594076
0.039211404914223424
0.041953907595460804
0.09268179195969078
0.1271358817314892
0.13319633163664463
0.010454873879360727
0.03528706057077702
0.07788164433109784
0.07845817383324705
0.13896170983925232
0.11267788873488543
0.07845817383324705
0.16082082855045277
0.0844022106407854
0.06443629489445235
#
18
0.010101849179479705
0.06078065395498883
0.010101849179479705
0.060177013129734225
0.1471672865968811
0.0808321522594076
0.039211404914223424
0.041953907595460804
0.09268179195969078
0.09461383728374828
0.13319633163664463
0.010454873879360727
0.03528706057077702
0.07788164433109784
0.07845817383324705
0.13896170983925232
0.11267788873488543
0.07845817383324705
0.16082082855045277
0.0844022106407854
0.042488140505510974
#
19
0.010101849179479705
0.06078065395498883
0.010101849179479705
0.060177013129734225
0.1471672865968811
0.0808321522594076
0.039211404914223424
0.041953907595460804
0.09268179195969078
0.09461383728374828
0.13319633163664463
0.010454873879360727
0.03528706057077702
0.07788164433109784
0.07845817383324705
0.13896170983925232
0.11267788873488543
0.07845817383324705
0.16082082855045277
0.0844022106407854
0.042488140505510974
#
