0
0.496275360552
0.496275360552
0.483880886852
0.483880886852
0.285777744875
0.285777744875
0.285777744875
0.285777744875
0.285777744875
0.285777744875
0.285777744875
0.285777744875
0.285777744875
0.285777744875
0.285777744875
0.285777744875
0.285777744875
0.285777744875
0.285777744875
0.285777744875
#
1
0.285777744875
0.285777744875
0.285777744875
0.285777744875
0.285777744875
0.285777744875
0.285777744875
0.285777744875
0.285777744875
0.285777744875
0.285777744875
0.285777744875
0.285777744875
0.285777744875
0.285777744875
0.285777744875
0.285777744875
0.285777744875
0.285777744875
0.285777744875
#
2
0.285777744875
0.285777744875
0.285777744875
0.285777744875
0.285777744875
0.128063640385
0.128063640385
0.128063640385
0.128063640385
0.128063640385
0.128063640385
0.128063640385
0.128063640385
0.128063640385
0.128063640385
0.128063640385
0.128063640385
0.128063640385
0.128063640385
0.128063640385
#
3
0.128063640385
0.128063640385
0.128063640385
0.128063640385
0.128063640385
0.128063640385
0.128063640385
0.128063640385
0.128063640385
0.128063640385
0.128063640385
0.128063640385
0.128063640385
0.128063640385
0.128063640385
0.128063640385
0.128063640385
0.0718997894508
0.0718997894508
0.0718997894508
#
4
0.0718997894508
0.0718997894508
0.0718997894508
0.0718997894508
0.0718997894508
0.0718997894508
0.0718997894508
0.0718997894508
0.0718997894508
0.0718997894508
0.0718997894508
0.0718997894508
0.0718997894508
0.0718997894508
0.0718997894508
0.0718997894508
0.0718997894508
0.0718997894508
0.0718997894508
0.0718997894508
#
5
0.0718997894508
0.0718997894508
0.0718997894508
0.0718997894508
0.0718997894508
0.0718997894508
0.0718997894508
0.0718997894508
0.0718997894508
0.0718997894508
0.0718997894508
0.0718997894508
0.0718997894508
0.0718997894508
0.0718997894508
0.0718997894508
0.0718997894508
0.0718997894508
0.0718997894508
0.0718997894508
#
6
0.0718997894508
0.0718997894508
0.0718997894508
0.0718997894508
0.0718997894508
0.0718997894508
0.0718997894508
0.0718997894508
0.0718997894508
0.0718997894508
0.0718997894508
0.0718997894508
0.0718997894508
0.0718997894508
0.0315277921091
0.0315277921091
0.0315277921091
0.0315277921091
0.0315277921091
0.0315277921091
#
7
0.0315277921091
0.0315277921091
0.0315277921091
0.0315277921091
0.0315277921091
0.0315277921091
0.0315277921091
0.0315277921091
0.0315277921091
0.0315277921091
0.0315277921091
0.0315277921091
0.0315277921091
0.0315277921091
0.0315277921091
0.0315277921091
0.0315277921091
0.0315277921091
0.0315277921091
0.0315277921091
#
8
0.0315277921091
0.0315277921091
0.0315277921091
0.0315277921091
0.0315277921091
0.0315277921091
0.0315277921091
0.0315277921091
0.0315277921091
0.0283588169416
0.0283588169416
0.0283588169416
0.0283588169416
0.0283588169416
0.0283588169416
0.0283588169416
0.0283588169416
0.0283588169416
0.0283588169416
0.0283588169416
#
9
0.0283588169416
0.0283588169416
0.0283588169416
0.0283588169416
0.0283588169416
0.0283588169416
0.0283588169416
0.0283588169416
0.0283588169416
0.0283588169416
0.0283588169416
0.0283588169416
0.0283588169416
0.0283588169416
0.0106788834246
0.0106788834246
0.0106788834246
0.0106788834246
0.0106788834246
0.0106788834246
#
10
0.0106788834246
0.0106788834246
0.0106788834246
0.0106788834246
0.0106788834246
0.0106788834246
0.0106788834246
0.0106788834246
0.0106788834246
0.0106788834246
0.0106788834246
0.0106788834246
0.0106788834246
0.0106788834246
0.0106788834246
0.0106788834246
0.0106788834246
0.0106788834246
0.0106788834246
0.0106788834246
#
11
0.0106788834246
0.0106788834246
0.0106788834246
0.0106788834246
0.0106788834246
0.0106788834246
0.0106788834246
0.0106788834246
0.0106788834246
0.0106788834246
0.0106788834246
0.0106788834246
0.0106788834246
0.0106788834246
0.0106788834246
0.0106788834246
0.0106788834246
0.0106788834246
0.0106788834246
0.0106788834246
#
12
0.0106788834246
0.0106788834246
0.0106788834246
0.0106788834246
0.0106788834246
0.0106788834246
0.0106788834246
0.0106788834246
0.0106788834246
0.0106788834246
0.0106788834246
0.0106788834246
0.0106788834246
0.0106788834246
0.0106788834246
0.0106788834246
0.0106788834246
0.0106788834246
0.0106788834246
0.0106788834246
#
13
0.0106788834246
0.0106788834246
0.0106788834246
0.0106788834246
0.0106788834246
0.0106788834246
0.0106788834246
0.0106788834246
0.0106788834246
0.0106788834246
0.0106788834246
0.0106788834246
0.0106788834246
0.0106788834246
0.0106788834246
0.0106788834246
0.0106788834246
0.0106788834246
0.0106788834246
0.0106788834246
#
14
0.0106788834246
0.0106788834246
0.0106788834246
0.0106788834246
0.0106788834246
0.0106788834246
0.0106788834246
0.0106788834246
0.0106788834246
0.0106788834246
0.0106788834246
0.0106788834246
0.0106788834246
0.0106788834246
0.0106788834246
0.0106788834246
0.0106788834246
0.0106788834246
0.0106788834246
0.0106788834246
#
15
0.0106788834246
0.0106788834246
0.0106788834246
0.0106788834246
0.0106788834246
0.0106788834246
0.0106788834246
0.0106788834246
0.0106788834246
0.0106788834246
0.0106788834246
0.0106788834246
0.0106788834246
0.0106788834246
0.0106788834246
0.0106788834246
0.0106788834246
0.0106788834246
0.0106788834246
0.0106788834246
#
16
0.0106788834246
0.0106788834246
0.0106788834246
0.0106788834246
0.0106788834246
0.0106788834246
0.0106788834246
0.0106788834246
0.0106788834246
0.0106788834246
0.0106788834246
0.0106788834246
0.0106788834246
0.0106788834246
0.0106788834246
0.0106788834246
0.0106788834246
0.0106788834246
0.0106788834246
0.0106788834246
#
17
0.0106788834246
0.0106788834246
0.0106788834246
0.0106788834246
0.0106788834246
0.0106788834246
0.0106788834246
0.0106788834246
0.0106788834246
0.0106788834246
0.0106788834246
0.0106788834246
0.0106788834246
0.0106788834246
0.0106788834246
0.0106788834246
0.0106788834246
0.0106788834246
0.0106788834246
0.0106788834246
#
18
0.0106788834246
0.0106788834246
0.0106788834246
0.0106788834246
0.0106788834246
0.0106788834246
0.0106788834246
0.0106788834246
0.0106788834246
0.0106788834246
0.0106788834246
0.0106788834246
0.0106788834246
0.0106788834246
0.0106788834246
0.0106788834246
0.0106788834246
0.0106788834246
0.0106788834246
0.0106788834246
#
19
0.0106788834246
0.0106788834246
0.0106788834246
0.0106788834246
0.0106788834246
0.0106788834246
0.0106788834246
0.0106788834246
0.0106788834246
0.0106788834246
0.0106788834246
0.0106788834246
0.0106788834246
0.0106788834246
0.0106788834246
0.0106788834246
0.0106788834246
0.0106788834246
0.0106788834246
0.0106788834246
#
20
0.0106788834246
0.0106788834246
0.0106788834246
0.0106788834246
0.0106788834246
0.0106788834246
0.0106788834246
0.0106788834246
0.0106788834246
0.0106788834246
0.0106788834246
0.0106788834246
0.0106788834246
0.0106788834246
0.0106788834246
0.0106788834246
0.0106788834246
0.0106788834246
0.0106788834246
0.0106788834246
#
21
0.0106788834246
0.0106788834246
0.0106788834246
0.0106788834246
0.0106788834246
0.0106788834246
0.0106788834246
0.0106788834246
0.0106788834246
0.0106788834246
0.0106788834246
0.0106788834246
0.0106788834246
0.0106788834246
0.0106788834246
0.0106788834246
0.0106788834246
0.0106788834246
0.0106788834246
0.0106788834246
#
22
0.0106788834246
0.0106788834246
0.0106788834246
0.0106788834246
0.0106788834246
0.0106788834246
0.0106788834246
0.0106788834246
0.0106788834246
0.0106788834246
0.0106788834246
0.0106788834246
0.0106788834246
0.0106788834246
0.0106788834246
0.0106788834246
0.0106788834246
0.0106788834246
0.0106788834246
0.0106788834246
#
23
0.0106788834246
0.0106788834246
0.0106788834246
0.0106788834246
0.0106788834246
0.0106788834246
0.0106788834246
0.0106788834246
0.0106788834246
0.0106788834246
0.0106788834246
0.0106788834246
0.0106788834246
0.0106788834246
0.0106788834246
0.0106788834246
0.0106788834246
0.0106788834246
0.0106788834246
0.0106788834246
#
24
0.0106788834246
0.0106788834246
0.0106788834246
0.0106788834246
0.0106788834246
0.0106788834246
0.0106788834246
0.0106788834246
0.0106788834246
0.0106788834246
0.0106788834246
0.0106788834246
0.0106788834246
0.0106788834246
0.0106788834246
0.0106788834246
0.0106788834246
0.0106788834246
0.0106788834246
0.0106788834246
#
25
0.0106788834246
0.0106788834246
0.0106788834246
0.0106788834246
0.0106788834246
0.0106788834246
0.0106788834246
0.0106788834246
0.0106788834246
0.0106788834246
0.0106788834246
0.0106788834246
0.0106788834246
0.0106788834246
0.0106788834246
0.0106788834246
0.0106788834246
0.0106788834246
0.0106788834246
0.0106788834246
#
26
0.0106788834246
0.0106788834246
0.0106788834246
0.0106788834246
0.0106788834246
0.0106788834246
0.0106788834246
0.0106788834246
0.0106788834246
0.0106788834246
0.0106788834246
0.0106788834246
0.0106788834246
0.0106788834246
0.0106788834246
0.0106788834246
0.0106788834246
0.0106788834246
0.0106788834246
0.0106788834246
#
27
0.0106788834246
0.0106788834246
0.0106788834246
0.0106788834246
0.0106788834246
0.0106788834246
0.0106788834246
0.0106788834246
0.0106788834246
0.0106788834246
0.0106788834246
0.0106788834246
0.0106788834246
0.0106788834246
0.0106788834246
0.0106788834246
0.0106788834246
0.0106788834246
0.0106788834246
0.0106788834246
#
28
0.0106788834246
0.0106788834246
0.0106788834246
0.0106788834246
0.0106788834246
0.0106788834246
0.0106788834246
0.0106788834246
0.0106788834246
0.0106788834246
0.0106788834246
0.0106788834246
0.0106788834246
0.0106788834246
0.0106788834246
0.0106788834246
0.0106788834246
0.0106788834246
0.0106788834246
0.0106788834246
#
29
0.0106788834246
0.0106788834246
0.0106788834246
0.0106788834246
0.0106788834246
0.0106788834246
0.0106788834246
0.0106788834246
0.0106788834246
0.0106788834246
0.0106788834246
0.0106788834246
0.0106788834246
0.0106788834246
0.0106788834246
0.0106788834246
0.0106788834246
0.0106788834246
0.0106788834246
0.0106788834246
#
30
0.0106788834246
0.0106788834246
0.0106788834246
0.0106788834246
0.0106788834246
0.0106788834246
0.0106788834246
0.0106788834246
0.0106788834246
0.0106788834246
0.0106788834246
0.0106788834246
0.0106788834246
0.0106788834246
0.0106788834246
0.0106788834246
0.0106788834246
0.0106788834246
0.0106788834246
0.0106788834246
#
31
0.0106788834246
0.0106788834246
0.0106788834246
0.0106788834246
0.0106788834246
0.0106788834246
0.0106788834246
0.0106788834246
0.0106788834246
0.0106788834246
0.0106788834246
0.0106788834246
0.0106788834246
0.0106788834246
0.0106788834246
0.0106788834246
0.0106788834246
0.0106788834246
0.0106788834246
0.0106788834246
#
32
0.0106788834246
0.0106788834246
0.0106788834246
0.0106788834246
0.0106788834246
0.0106788834246
0.0106788834246
0.0106788834246
0.0106788834246
0.0106788834246
0.0106788834246
0.0106788834246
0.0106788834246
0.0106788834246
0.0106788834246
0.0106788834246
0.0106788834246
0.0106788834246
0.0106788834246
0.0106788834246
#
33
0.0106788834246
0.0106788834246
0.0106788834246
0.0106788834246
0.0106788834246
0.0106788834246
0.0106788834246
0.0106788834246
0.0106788834246
0.0106788834246
0.0106788834246
0.0106788834246
0.0106788834246
0.0106788834246
0.0106788834246
0.0106788834246
0.0106788834246
0.0106788834246
0.0106788834246
0.0106788834246
#
34
0.0106788834246
0.0106788834246
0.0106788834246
0.0106788834246
0.0106788834246
0.0106788834246
0.0106788834246
0.0106788834246
0.0106788834246
0.0106788834246
0.0106788834246
0.0106788834246
0.0106788834246
0.0106788834246
0.0106788834246
0.0106788834246
0.0106788834246
0.0106788834246
0.0106788834246
0.0106788834246
#
35
0.0106788834246
0.0106788834246
0.0106788834246
0.0106788834246
0.0106788834246
0.0106788834246
0.0106788834246
0.0106788834246
0.0106788834246
0.0106788834246
0.0106788834246
0.0106788834246
0.0106788834246
0.0106788834246
0.0106788834246
0.0106788834246
0.0106788834246
0.0106788834246
0.0106788834246
0.0106788834246
#
36
0.0106788834246
0.0106788834246
0.0106788834246
0.0106788834246
0.0106788834246
0.0106788834246
0.0106788834246
0.0106788834246
0.0106788834246
0.0106788834246
0.0106788834246
0.0106788834246
0.0106788834246
0.0106788834246
0.0106788834246
0.0106788834246
0.0106788834246
0.0106788834246
0.0106788834246
0.0106788834246
#
37
0.0106788834246
0.0106788834246
0.0106788834246
0.0106788834246
0.0106788834246
0.0106788834246
0.0106788834246
0.0106788834246
0.0106788834246
0.0106788834246
0.0106788834246
0.0106788834246
0.0106788834246
0.0106788834246
0.0106788834246
0.0106788834246
0.0106788834246
0.0106788834246
0.0106788834246
0.0106788834246
#
38
0.0106788834246
0.0106788834246
0.0106788834246
0.0106788834246
0.0106788834246
0.0106788834246
0.0106788834246
0.0106788834246
0.0106788834246
0.0106788834246
0.0106788834246
0.0106788834246
0.0106788834246
0.0106788834246
0.0106788834246
0.0106788834246
0.0106788834246
0.0106788834246
0.0106788834246
0.0106788834246
#
39
0.0106788834246
0.0106788834246
0.0106788834246
0.0106788834246
0.0106788834246
0.0106788834246
0.0106788834246
0.0106788834246
0.0106788834246
0.0106788834246
0.0106788834246
0.0106788834246
0.0106788834246
0.0106788834246
0.0106788834246
0.0106788834246
0.0106788834246
0.0106788834246
0.0106788834246
0.0106788834246
#
40
0.0106788834246
0.0106788834246
0.0106788834246
0.0106788834246
0.0106788834246
0.0106788834246
0.0106788834246
0.0106788834246
0.0106788834246
0.0106788834246
0.0106788834246
0.0106788834246
0.0106788834246
0.0106788834246
0.0106788834246
0.0106788834246
0.0106788834246
0.0106788834246
0.0106788834246
0.0106788834246
#
41
0.0106788834246
0.0106788834246
0.0106788834246
0.0106788834246
0.0106788834246
0.0106788834246
0.0106788834246
0.0106788834246
0.0106788834246
0.0106788834246
0.0106788834246
0.0106788834246
0.0106788834246
0.0106788834246
0.0106788834246
0.0106788834246
0.0106788834246
0.0106788834246
0.0106788834246
0.0106788834246
#
42
0.0106788834246
0.0106788834246
0.0106788834246
0.0106788834246
0.0106788834246
0.0106788834246
0.0106788834246
0.0106788834246
0.0106788834246
0.0106788834246
0.0106788834246
0.0106788834246
0.0106788834246
0.0106788834246
0.0106788834246
0.0106788834246
0.0106788834246
0.0106788834246
0.0106788834246
0.0106788834246
#
43
0.0106788834246
0.0106788834246
0.0106788834246
0.0106788834246
0.0106788834246
0.0106788834246
0.0106788834246
0.0106788834246
0.0106788834246
0.0106788834246
0.0106788834246
0.0106788834246
0.0106788834246
0.0106788834246
0.0106788834246
0.0106788834246
0.0106788834246
0.0106788834246
0.0106788834246
0.0106788834246
#
44
0.0106788834246
0.0106788834246
0.0106788834246
0.0106788834246
0.0106788834246
0.0106788834246
0.0106788834246
0.0106788834246
0.0106788834246
0.0106788834246
0.0106788834246
0.0106788834246
0.0106788834246
0.0106788834246
0.0106788834246
0.0106788834246
0.0106788834246
0.0106788834246
0.0106788834246
0.0106788834246
#
45
0.0106788834246
0.0106788834246
0.0106788834246
0.0106788834246
0.0106788834246
0.0106788834246
0.0106788834246
0.0106788834246
0.0106788834246
0.0106788834246
0.0106788834246
0.0106788834246
0.0106788834246
0.0106788834246
0.0106788834246
0.0106788834246
0.0106788834246
0.0106788834246
0.0106788834246
0.00971606282754
#
46
0.00971606282754
0.00971606282754
0.00971606282754
0.00971606282754
0.00971606282754
0.00971606282754
0.00971606282754
0.00971606282754
0.00971606282754
0.00971606282754
0.00971606282754
0.00971606282754
0.00971606282754
0.00971606282754
0.00971606282754
0.00971606282754
0.00971606282754
0.00971606282754
0.00971606282754
0.00971606282754
#
47
0.00971606282754
0.00971606282754
0.00971606282754
0.00971606282754
0.00971606282754
0.00971606282754
0.00971606282754
0.00971606282754
0.00971606282754
0.00971606282754
0.00971606282754
0.00971606282754
0.00971606282754
0.00971606282754
0.00971606282754
0.00971606282754
0.00971606282754
0.00971606282754
0.00971606282754
0.00971606282754
#
48
0.00971606282754
0.00971606282754
0.00971606282754
0.00971606282754
0.00971606282754
0.00971606282754
0.00971606282754
0.00971606282754
0.00971606282754
0.00971606282754
0.00971606282754
0.00971606282754
0.00971606282754
0.00971606282754
0.00971606282754
0.00971606282754
0.00971606282754
0.00971606282754
0.00971606282754
0.00971606282754
#
49
0.00971606282754
0.00971606282754
0.00971606282754
0.00971606282754
0.00971606282754
0.00971606282754
0.00971606282754
0.00971606282754
0.00971606282754
0.00971606282754
0.00971606282754
0.00971606282754
0.00971606282754
0.00971606282754
0.00971606282754
0.00971606282754
0.00971606282754
0.00971606282754
0.00971606282754
0.00971606282754
#
